0.5 -0.03714570433443776 0.024875534930987764 -0.01988808210732884 -0.04045562777697054 -0.06661641306073163 -0.04799588118081499 -0.04141143454647189 -0.02916294779656481 -0.011126520053565736 0.03756652481492334 -0.030047954064621685 -0.04107513216461034 0.007671013079962208 -0.024932617835252913 -0.0436416503419752 -0.021410292888386584 0.050646917456803886 -0.01243632933028993 -0.00710859159658761 -0.036632400698964784 -0.01351603697731929 -0.02128639201085869 -0.02459631545339136 -0.020365985492079464 -0.026030025607643448 -0.03344637813396012 -0.036278398191742056 -0.0425265424442236 -0.037747508596716495 0.12381923569974607 -0.037499706841660485 -0.03371188001437708 -0.03594209580988039 -0.03381808076654391 -0.018295070824826398 0.22384264411553373 0.13571371994243042 -0.009568909021785643 -0.040083925144386634 0.01275094905860863 -0.044331955231059594 -0.019551779725467178 -0.033039275250653866 -0.03640229906927006 -0.01905617621535538 -0.04330534796011365 -0.02672033049672784 -0.023251105925944926 -0.03188876710218003 -0.0252512200917534 -0.03261447224198666 -0.017197663052435863 -0.01595865427715626 0.007724113456045623 0.1362801239539868 -0.019569479850828353 -0.05309351728482259 -0.016418857536545817 -0.047323276417091775 0.026397745712045617 -0.013940839985986608 -0.0328976742477648 -0.0001878425803828465 -0.008648502503006528 -0.03390658139334968 -0.010542415916648173 -0.04661527140264632 -0.049765893716928744 0.22414354624667304 -0.011533622936871879 -0.042030938934111695 -0.02250770066077712 -0.02647252874167194 -0.02873814478789749 0.014237759588944188 -0.04250884231886243 -0.016985261548102204 -0.007267892724837743 0.04795649840191102 0.04154905302117923 -0.04226104056380653 -0.04254424256958467 0.03979674061042665 -0.03592439568451933 -0.02571142335114296 -0.0364376993199923 -0.029074447169759154 -0.02089698925291361 -0.032242769609402755 -0.035694294054824494 0.07071885961633373 -0.029074447169759154 -0.039906923890775214 -0.04365935046733638 0.01168894153694039 -0.00047104458616098466 -0.039234319127052 -0.03273837311951455 -0.04953579208723402 
-0.03714570433443776 0.5 -0.021764295395609312 -0.01870217370813254 -0.03919891887632976 -0.030525857449372418 -0.03480928778676762 0.0002015601775621767 -0.008825503756617947 -0.03716340445979893 -0.0209677897543582 -0.030809059455150556 -0.022649301663666188 -0.02664952999528325 -0.021233291634775275 -0.02801243964809086 -0.0366855010750482 -0.007533394605254817 0.005847900167765041 -0.0063828864567809784 -0.02156959401663683 0.025052536184599183 -0.009940611654369547 -0.04029632664872029 0.22890487996881903 -0.0021525564954690823 -0.02772923764231272 0.02997317103499536 0.07544479308775742 -0.027463735761895647 -0.03341097788323777 0.08794108159272046 -0.012560230207817935 -0.010967218925315492 0.02174261274206646 -0.028614243910369597 -0.020790788500746782 -0.024879517459169498 0.04011534286692714 0.2186742075100816 -0.03661470057360372 0.23212630278454605 0.23931255368116783 -0.026153926485171453 0.23556012710460672 0.07622359860364747 -0.014578044498987586 -0.004152670661277558 -0.015551551393850116 -0.015834753399628365 0.035725711777365055 0.2240196453691451 0.22672776454939914 0.22194873070189203 -0.0008958475948283029 -0.032384370612291824 -0.015020547633015968 0.23288740817507492 0.0094764258667982 0.00607800179745982 0.22377184361408914 -0.0252512200917534 0.24012675944778017 -0.023038704421611267 -0.004949176302528779 -0.025038818587419742 -0.035198690544712696 -0.030986060708761975 0.008839221353797277 -0.021339492386942105 0.06466541674282472 0.0004316618072570111 -0.00797589773928331 -0.008436100998672869 0.0006263631862294949 -0.0014622516063846902 -0.020118183737023565 0.01613167300258589 -0.006365186331419803 -0.014117841239598028 0.05937307925984464 -0.03229586998548617 0.11047334117744845 -0.022100597777470976 0.036380616415727096 -0.01592325402643402 -0.009020205135590431 -0.024879517459169498 -0.025021118462058678 0.2337724144431318 -0.015356850014877632 -0.027888538770562965 -0.016914461046657725 0.06549732263479818 -0.0020817559940244923 -0.015162148635905148 -0.021091690631886095 0.22901108072098586 -0.02571142335114296 -0.026189326735893692 
0.024875534930987764 -0.021764295395609312 0.5 0.026043743204822833 -0.031410863717429294 -0.03488008828821221 -0.04305754620505775 -0.025003418336697503 -0.01671975966768524 -0.024879517459169498 -0.013179734595457737 -0.026313227613421697 -0.03698640320618751 -0.009515808645702228 -0.01369303823093071 -0.04542936300345013 -0.02808324014953545 0.0017414710839811498 -0.01818887007265957 0.019848699328424757 -0.028755844913258666 -0.01236552882884534 -0.000630345714411229 0.11585417928723424 -0.021516493640553414 0.023087822269512892 -0.03941132038066342 -0.029640851181315542 -0.0335171786354046 -0.027428335511173296 -0.0070023908444207805 -0.002754360757747709 -0.0091618061384795 -0.010613216418092764 -0.023180305424500336 -0.01027691403623121 -0.01243632933028993 -0.0019401549911354232 -0.003072963014248198 -0.03273837311951455 0.2284623768347906 -0.027605336764784716 -0.0027189605070254697 -0.023498907681000825 -0.03362337938757143 -0.01564005202065577 -0.028030139773452034 0.01135263915507878 -0.003232264142498442 -0.037782908847438734 -0.027074333003950568 -0.021481093389831174 -0.020613787247135473 -0.029463849927704122 -0.016259556408295572 0.01147654003260673 -0.005391679436557273 -0.0389865173719961 0.05103632021474891 -0.024684816080197014 -0.01351603697731929 -0.0024888588773306353 0.015547568865668382 -0.014011640487431198 -0.015356850014877632 0.00944102561607596 0.020379703089258905 -0.04029632664872029 -0.044013352974559106 -0.013339035723707982 -0.022914803544083262 -0.03298617487457045 -0.020790788500746782 -0.01027691403623121 -0.016082555154684264 0.005936400794570751 -0.02560522259897613 -0.017604765935742006 -0.021728895144887073 -0.012560230207817935 0.0016706705825366153 -0.02571142335114296 -0.03636689881854771 0.09918066119704272 -0.03378268051582167 -0.034366784652739235 -0.02640172824022735 0.042911962673986837 -0.023392706928833995 -0.024720216330919365 -0.027605336764784716 -0.025056518712780917 -0.018719873833493716 -0.021551893891275764 -0.03532259142224059 -0.01473734562723783 -0.0013383507288567964 0.10772982174647211 -0.039765322887886145 -0.028207141027063343 
-0.01988808210732884 -0.01870217370813254 0.026043743204822833 0.5 -0.03089756008195632 -0.026189326735893692 -0.043110646581141054 -0.023888310438945903 -0.034402184903461475 -0.037605907593827315 -0.034225183649850166 -0.023569708182445415 -0.030632058201539247 -0.015126748385182798 -0.03187106697681885 -0.034366784652739235 -0.02417151244472404 0.07567489471745226 -0.024224612820807456 0.22140002681569676 -0.02473791645628043 -0.021905896398498492 0.21932911214844364 -0.017551665559658702 -0.0298532526856492 0.21511648231249297 -0.027605336764784716 -0.029375349300898468 -0.026667230120644425 -0.035269491046157175 -0.013321335598346806 0.22116992518600198 0.21879810838760955 0.2221257319555034 -0.022879403293361023 -0.031994967854346745 -0.01985268185660649 0.08487895990524369 0.22198413095261427 -0.017958768442964845 0.0022370745940930026 -0.028932846166869974 -0.03261447224198666 -0.020401385742801814 -0.03180026647537426 -0.01880837446029937 -0.02748143588725671 0.22486925138647967 0.21732899798263516 -0.027145133505395158 -0.03165866547248519 -0.021888196273137317 -0.023711309185334484 -0.027782338018396135 -0.0011967497259676163 -0.04242034169205677 0.22055042079836212 -0.041163632791415994 0.005529297911264552 -0.04013702552047005 -0.026313227613421697 -0.03093296033267856 -0.02560522259897613 -0.029109847420481394 -0.02967625143203778 0.013211152317998243 -0.014188641741042507 -0.03553499292657425 -0.03918121875096858 -0.019587179976189417 -0.022861703167999847 -0.0361898975649364 -0.034295984151294645 0.11010163854486454 0.11781889320232047 -0.0018339542389685937 -0.013870039484542018 0.004077887631651289 -0.02981785243492685 -0.020330585241357224 -0.02333960655275058 0.08907388961583329 -0.02884434554006432 -0.0317825663500132 -0.045093060621588466 -0.03622529781565864 -0.03452608578098948 0.1007736724795451 -0.02776463789303496 -0.02420691269544628 -0.029322248924815053 -0.030348856195760998 -0.02135719251230317 0.15667066837001714 -0.03799531035177239 -0.02664952999528325 -0.01661355891551841 -0.016330356909740162 -0.01553385126848894 -0.02751683613797906 
-0.04045562777697054 -0.03919891887632976 -0.031410863717429294 -0.03089756008195632 0.5 -0.02636632798950511 -0.026330927738782872 -0.03610139693813064 -0.023711309185334484 -0.04114593266605482 -0.04031402677408136 -0.03780060897279991 -0.027339834884367642 -0.026313227613421697 -0.0328976742477648 -0.03783600922352215 -0.03702180345690986 -0.03654390007215913 -0.035269491046157175 -0.03149936434423495 -0.02445471445050229 -0.03794220997568898 -0.035588093302657664 -0.04169463655225014 -0.030667458452261487 -0.022950203794805613 -0.038721015491579025 -0.03252597161518089 -0.03187106697681885 -0.031127661711651045 -0.03817231160538381 -0.04734097654245295 -0.04086273066027668 -0.03013645469142734 -0.033393277757876705 -0.03744660646557718 -0.03496858891501786 -0.04472135798900456 -0.030632058201539247 -0.035517292801213185 -0.02873814478789749 -0.04036712715016477 -0.04904018857712211 -0.030915260207317385 -0.04475675823972691 -0.04135833417038848 -0.044615157236837844 -0.034189783399127815 -0.026118526234449213 -0.03486238816285103 -0.04996059509590134 -0.03151706446959612 -0.036278398191742056 -0.0398538235146918 -0.024950317960614088 -0.043942552473114516 -0.03776520872207756 -0.044880659117254806 -0.034083582646960986 -0.026260127237338282 -0.04712857503811929 -0.03334017738179329 -0.048509184816288076 -0.031127661711651045 -0.039871523640052975 -0.02895054629223115 -0.02672033049672784 -0.03132236309062353 -0.03911041824952399 -0.03434908452737806 -0.040880430785637745 -0.02146339326447 -0.036667800949687135 -0.029516950303787537 -0.02647252874167194 -0.01776406706399225 -0.036703201200409374 -0.02424231294616863 -0.04079193015883209 -0.026738030622089015 -0.04496915974406057 -0.04838528393876007 -0.04126983354358282 -0.04183623755513921 -0.049695093215484265 -0.0298532526856492 -0.03682710207793727 -0.027269034382923052 -0.026667230120644425 -0.04449125635930984 -0.0349508887896568 -0.03803071060249463 -0.027233634132200812 -0.053217418162350594 -0.023941410815029318 -0.034118982897683336 -0.03466768678387855 -0.05442102668690796 -0.04576566538531168 -0.03859711461405102 
-0.06661641306073163 -0.030525857449372418 -0.03488008828821221 -0.026189326735893692 -0.02636632798950511 0.5 -0.03103916108484539 -0.0091618061384795 -0.011533622936871879 -0.04348234921372496 -0.044951459618699396 -0.05011989622415158 -0.02571142335114296 -0.03838471310971736 -0.013569137353402705 -0.02710973325467292 -0.043287647834752474 -0.04482755874117139 -0.03803071060249463 -0.008241399619700385 -0.002471158751969571 -0.04852688494164914 -0.026879631624978084 -0.047429477169258605 -0.04270354369783491 -0.011197320555010326 -0.03719880471052117 -0.028030139773452034 -0.05010219609879041 -0.05162440687984826 -0.0582442537649136 -0.026985832377144914 -0.028224841152424518 -0.027056632878589504 -0.030986060708761975 -0.03181796660073544 -0.0527749150283221 -0.03424288377521123 -0.03183566672609661 -0.03378268051582167 -0.03702180345690986 -0.023870610313584728 -0.04999599534662358 -0.04698697403523022 -0.046243568770062415 -0.022631601538305124 -0.03250827148981983 -0.027180533756117398 -0.016171055781489918 -0.04257964282030702 -0.046101967767173346 -0.03477388753604538 -0.03100376083412315 -0.03362337938757143 -0.027569936514062476 -0.048332183562676656 -0.023215705675222575 -0.03914581850024634 -0.04144683479719424 -0.02477331670700267 -0.04139373442111083 -0.055925537342604636 -0.037747508596716495 -0.01671975966768524 -0.03849091386188419 -0.038650214990134435 0.05247003036900105 -0.019038476089994205 0.04269956116965318 -0.05197840938707099 -0.03319857637890411 0.049478709182968816 -0.045128460872310816 -0.02884434554006432 -0.01801186881904826 -0.022932503669444437 -0.021941296649220732 -0.0309683605834008 0.018822092057478756 -0.03629609831710323 -0.0610408735719733 -0.03988922376541404 -0.03493318866429562 -0.04827908318659324 0.013034151064386823 -0.035658893804102254 -0.025180419590308922 -0.02574682360186531 -0.026525629117755356 -0.034083582646960986 -0.0519076088856264 -0.04939419108434495 -0.02811864040025769 -0.01686136067057431 0.048947705422134724 -0.028348742029952523 -0.04125213341822165 -0.03877411586766244 -0.02024208461455157 -0.050668600110346795 
-0.04799588118081499 -0.03480928778676762 -0.04305754620505775 -0.043110646581141054 -0.026330927738782872 -0.03103916108484539 0.5 -0.047217075664924946 -0.02254310091149936 -0.03172946597392978 -0.01355143722804164 -0.016666659291601826 -0.035658893804102254 -0.035269491046157175 -0.03197726772898568 -0.0419070380565838 -0.03525179092079611 -0.04089813091099892 -0.037676708095271905 -0.025870724479393203 -0.02250770066077712 -0.043004445828974336 -0.03682710207793727 -0.017233063303158214 -0.026879631624978084 -0.04054412840377619 -0.03479158766140655 -0.03093296033267856 -0.037428906340216006 -0.03675630157649279 -0.03739350608949377 -0.04376555121950321 -0.03445528527954489 -0.03229586998548617 -0.03647309957071454 -0.011144220178926911 -0.03093296033267856 -0.035198690544712696 -0.02567602310042072 -0.026171626610532628 -0.04452665661003208 -0.05034999785384631 -0.05615563897229936 -0.030596657950816897 -0.040048524893664283 -0.03420748352448899 -0.037535107092382836 -0.04134063404502741 -0.0370572037076321 -0.04573026513458944 -0.03229586998548617 -0.039623721884997076 -0.038862616494468094 -0.03560579342801884 -0.024136112194001802 -0.05548303420857614 -0.03716340445979893 -0.053943123302157225 -0.047571078172147785 -0.032171969107958165 -0.03679170182721503 -0.03571199418018567 -0.044296554980337355 -0.03686250232865962 -0.04295134545289092 -0.03787140947424439 -0.034189783399127815 -0.03323397662962646 -0.040951231287082335 -0.03027805569431652 -0.020879289127552436 -0.02751683613797906 -0.03273837311951455 -0.05298731653265576 -0.019427878847939173 -0.02491491770989185 -0.036419999194631125 -0.027569936514062476 -0.018418971702354403 -0.02553442209753165 -0.035658893804102254 -0.044880659117254806 -0.03988922376541404 -0.04378325134486438 -0.027640737015506955 -0.027162833630756222 -0.0427743441992795 -0.03417208327376675 -0.0338888812679885 -0.02870274453717525 -0.048119782058343 -0.05219081089140465 -0.024260013071529696 -0.05413782468112971 -0.029640851181315542 -0.02027748486527381 -0.018064969195131675 -0.048686186069899384 -0.032207369358680404 -0.039552921383552486 
-0.04141143454647189 0.0002015601775621767 -0.025003418336697503 -0.023888310438945903 -0.03610139693813064 -0.0091618061384795 -0.047217075664924946 0.5 -0.023675908934612244 -0.029003646668314564 -0.025233519966392337 -0.018649073332049126 -0.01919777721824445 -0.010843318047787598 -0.017498565183575288 -0.022861703167999847 -0.04034942702480371 -0.027092033129311743 -0.0349508887896568 -0.028419542531397002 -0.026224726986616043 -0.01351603697731929 -0.004223471162722148 -0.030118754566066275 -0.02089698925291361 0.012379246426024781 -0.02013588386238474 -0.027569936514062476 -0.020295184990634985 -0.027162833630756222 -0.04525236174983871 -0.014064740863514613 -0.01916237696752221 -0.01887917496174396 -0.004258871413444387 -0.020525286620329708 -0.036703201200409374 -0.03431368427665582 -0.018277370699465334 -0.03654390007215913 -0.02686193149961691 0.0042725890106238285 0.0015821699557309055 -0.007728095984227412 -0.02110939075724727 -0.02769383739159037 -0.011232720805732566 -0.021020890130441616 -0.0177994673147146 -0.01825967057410416 -0.020542986745690883 -0.018737573958854892 -0.0011967497259676163 -0.0114628224354274 -0.02240149990861029 -0.030632058201539247 -0.02056068687105206 -0.01560465176993353 -0.03603059643668616 -0.02006508336094015 -0.033287077005709875 -0.010577816167370524 -0.01941017872257811 -0.011232720805732566 -0.01696756142274114 -0.027357535009728817 -0.029693951557398957 -0.03564119367874108 -0.036809401952576204 -0.035481892550490834 -0.023640508683889894 -0.020082783486301325 -0.025587522473615065 0.00287427910709398 -0.016631259040879476 -0.021658094643442483 -0.027074333003950568 -0.021587294141998004 -0.02330420630202834 -0.02312720504841692 -0.017321563929963868 -0.01992348235805108 -0.005727981818418826 -0.03808381097857805 -0.03319857637890411 -0.009037905260951495 -0.017498565183575288 -0.02787083864520179 -0.019976582734134496 -0.014436443496098406 -0.03194186747826333 -0.031056861210206566 -0.0186667734574103 -0.028932846166869974 -0.022206798529637806 -0.016277256533656748 -0.01250712983173452 -0.019551779725467178 -0.019640280352272832 -0.028401842406035938 
-0.02916294779656481 -0.008825503756617947 -0.01671975966768524 -0.034402184903461475 -0.023711309185334484 -0.011533622936871879 -0.02254310091149936 -0.023675908934612244 0.5 -0.017852567690798016 -0.02017128411310698 -0.016454257787268167 0.012060644169524293 -0.0024888588773306353 -0.022419200033971465 -0.02006508336094015 -0.012985033216485142 0.02115850860514895 0.0010157659441745182 -0.02031288511599605 -0.01560465176993353 -0.02700353250250609 -0.01884377471102172 -0.026189326735893692 0.0386462324619527 -0.00790509723783872 -0.0246317157041136 -0.01794106831760367 -0.005745681943780001 -0.017604765935742006 -0.02769383739159037 -0.007020090969781845 -0.03371188001437708 0.055390551053588755 -0.024012211316473797 0.0002546605536455915 0.03381409823836218 -0.004294271664166738 -0.015799353148906015 0.042292458286347034 -0.021551893891275764 -0.01473734562723783 -0.024968018085975263 -0.02787083864520179 -0.013179734595457737 -0.01693216117201879 -0.017675566437186596 0.04294736292470913 0.01823798792056125 -0.016737459793046305 -0.026348627864143936 0.034469002876724275 -0.009976011905091786 -0.012206227700595096 0.042168557408819085 -0.011445122310066225 0.011193338026828537 -0.025162719464947747 -0.03613679718885299 -0.030578957825455833 -0.013073533843290908 -0.015569251519211291 -0.02156959401663683 -0.009285707016007505 -0.024755616581641604 -0.021799695646331663 -0.02250770066077712 0.04800959877799443 -0.021481093389831174 0.03291139184494418 -0.014825846254043484 -0.03587129530843591 -0.02427771319689087 -0.012808031962873834 -0.00480757529963971 0.00924632423710342 0.009635726995048444 -0.007533394605254817 0.005192995529402944 -0.006170484952447319 -0.019622580226911768 0.019370795943674024 0.030344873667579264 0.0316546829443034 -0.017374664306047283 -0.009781310526119302 0.003281381990400123 -0.031021460959484215 -0.02553442209753165 0.008148916464712885 -0.0189145752124662 0.009830428374020983 0.017229080774976424 -0.04489835924261598 -0.037464306590938246 -0.0052323783083070285 -0.02114479100796951 -0.037499706841660485 -0.0312161623384567 -0.0171799629270748 
-0.011126520053565736 -0.03716340445979893 -0.024879517459169498 -0.037605907593827315 -0.04114593266605482 -0.04348234921372496 -0.03172946597392978 -0.029003646668314564 -0.017852567690798016 0.5 -0.013710738356291774 -0.023976811065751558 0.10772982174647211 -0.036384598943908886 -0.019675680602995183 -0.037889109599605564 0.09082620202658587 -0.01585245352498943 -0.02048988636960747 -0.03895111712127386 -0.02556982234825389 -0.0369333028301041 -0.03355257888612684 -0.0404733279023316 -0.030543557574733482 -0.02013588386238474 -0.024649415829474774 -0.035411092049046355 -0.03939362025530224 -0.03330477713107094 -0.03064975832690031 -0.027782338018396135 -0.04342924883764154 -0.03769440822063308 -0.026330927738782872 -0.035446492299768595 -0.009356507517451984 -0.029198348047287048 -0.03266757261807007 -0.0347561874106842 -0.022242198780360045 -0.0464382701490349 -0.032313570110847234 -0.022861703167999847 -0.03946442075674683 -0.04219024006236194 -0.03525179092079611 -0.035375691798324005 -0.01027691403623121 -0.024366213823696525 -0.028561143534286182 -0.04003082476830322 -0.013179734595457737 -0.009533508771063404 -0.026808831123533494 -0.041163632791415994 -0.039765322887886145 -0.04496915974406057 -0.03944672063138566 -0.01859597295596571 -0.03992462401613639 -0.031410863717429294 -0.03617219743957523 -9.93419535770812e-05 -0.02045448611888523 -0.02103859025580268 -0.03148166421887377 -0.03477388753604538 -0.03682710207793727 -0.008630802377645352 -0.029286848674092814 -0.029481550053065297 -0.0002940433325496761 0.029583768277050337 0.04696529138168731 0.044522674081850344 0.020096501083480656 -0.028614243910369597 -0.034472985404906065 -0.027392935260451057 -0.02427771319689087 -0.04373015096878097 -0.04256194269494584 -0.02146339326447 -0.0453231622512833 -0.026083125983726863 0.04177915465087406 -0.04148223504791648 0.0018476718361479794 -0.03888031661982927 -0.03280917362095914 -0.028454942782119352 -0.008099798616811205 -0.05560693508610415 -0.03128696283990129 -0.009179506263840675 -0.02477331670700267 -0.06381979325367193 -0.039871523640052975 -0.036419999194631125 
0.03756652481492334 -0.0209677897543582 -0.013179734595457737 -0.034225183649850166 -0.04031402677408136 -0.044951459618699396 -0.01355143722804164 -0.025233519966392337 -0.02017128411310698 -0.013710738356291774 0.5 0.0458855837346579 -0.006418286707503218 -0.03247287123909748 -0.02542822134536482 0.014414760842555552 -0.027994739522729684 0.1160311805408456 -0.02107399050652503 -0.005621781066251996 -0.01787026781615908 0.003723885124428561 0.0019715727136759287 0.02563664032151669 -0.02156959401663683 -0.012825732088234898 -0.023817509937501313 -0.02243690015933253 -0.03236667048693065 -0.03707490383299328 -0.013356735849069046 -0.01240092907956769 -0.02319800554986151 -0.023799809812140138 -0.005002276678612194 0.0015644698303697857 0.011830542539829514 -0.004365072165611217 -0.024826417083086083 -0.024012211316473797 0.02691104934751859 0.011034036898578292 -0.021604994267359068 -0.0019578551164965985 -0.03261447224198666 -0.020401385742801814 0.011104837400022882 -0.02452551495194677 -0.023888310438945903 0.011016336773217172 -0.014064740863514613 -0.019516379474744938 -0.02031288511599605 -0.012701831210707004 -0.0004533444607999204 0.01694587876919823 -0.03482698791212879 -0.04027862652335912 -0.030189555067510754 -0.03319857637890411 -0.023870610313584728 0.07877241665565127 -0.025003418336697503 0.06016958490109586 -0.001037448597717372 -0.02657872949383877 -0.02700353250250609 -0.028419542531397002 -0.0317825663500132 0.011812842414468339 -0.01351603697731929 -0.014206341866403682 -0.02243690015933253 -0.004311971789527802 -0.004949176302528779 -0.009657409648591297 0.015228966609167893 -0.024879517459169498 -0.007586494981338232 0.12558924823585982 -0.0028428613845534745 -0.025375120969281406 0.011193338026828537 0.11548247665465033 -0.013374435974430221 -0.01707376217490797 -0.018489772203798882 -0.028685044411814076 -0.013108934094013147 -0.027782338018396135 -0.02595922510619897 0.03284059134349965 -0.037464306590938246 -0.04358854996589179 -0.015905553901072844 0.028362459627131853 0.04579708310785224 -0.013427536350513636 -0.025976925231560033 -0.03218966923331934 
-0.030047954064621685 -0.030809059455150556 -0.026313227613421697 -0.023569708182445415 -0.03780060897279991 -0.05011989622415158 -0.016666659291601826 -0.018649073332049126 -0.016454257787268167 -0.023976811065751558 0.0458855837346579 0.5 -0.015445350641683286 -0.024791016832363844 -0.00040024408471650563 0.041354351642206744 -0.024136112194001802 -0.03431368427665582 -0.024614015578752535 -0.014542644248265235 -0.025906124730115554 0.04924860755327404 0.024733933928098695 0.2240550456198674 -0.020011982984856735 -0.01887917496174396 -0.038791815993023615 -0.03578279468163026 -0.03286227399704256 -0.016330356909740162 -0.03176486622465202 -0.022560801036860534 -0.010064512531897551 -0.028508043158202767 0.04827510065841145 0.04287656242326454 -0.02686193149961691 -0.02132179226158093 -0.02578222385258755 -0.03477388753604538 0.01883979218283993 0.03507080713900296 -0.017321563929963868 0.04579708310785224 -0.03626069806638088 -0.029286848674092814 0.04147825251973469 -0.03323397662962646 -0.015392250265599872 0.007405511199545134 -0.03357027901148801 -0.024791016832363844 -0.029198348047287048 -0.021162491133330685 0.027300452105463613 -0.02125099176013634 -0.040809630284193266 -0.0484914846909269 -0.02261390141294395 -0.03287997412240362 -0.029534650429148712 0.06305470533496121 -0.03895111712127386 -0.015693152396739185 -0.028543443408925007 -0.038685615240856785 -0.023534307931723064 -0.039039617748079514 -0.045588664131700374 -0.027339834884367642 -0.025799923977948724 -0.02549902184680941 -0.04187163780586145 0.005175295404041824 -0.012277028202039686 -0.014578044498987586 0.03590271303097642 -0.028313341779230172 -0.03144626396815153 -0.02132179226158093 0.09783545166959629 -0.02002968311021791 0.03473450475714135 -0.04134063404502741 -0.042933645327529746 -0.031092261460928805 -0.022029797276026386 -0.03810151110393922 -0.03020725519287193 -0.04059722877985961 -0.029074447169759154 -0.030348856195760998 -0.03711030408371552 -0.039623721884997076 -0.028437242656758177 0.04262876066820864 0.2278605725725119 -0.01647195791262923 -0.04173003680297238 -0.02302100429625009 
-0.04107513216461034 -0.022649301663666188 -0.03698640320618751 -0.030632058201539247 -0.027339834884367642 -0.02571142335114296 -0.035658893804102254 -0.01919777721824445 0.012060644169524293 0.10772982174647211 -0.006418286707503218 -0.015445350641683286 0.5 -0.015392250265599872 -0.012277028202039686 -0.021958996774581907 0.1274300612734181 -0.023994511191112622 -0.0014799517317458655 -0.020578386996413123 -0.014454143621459581 -0.022490000535415944 -0.023640508683889894 -0.03226046973476382 -0.004772175048917471 0.01483956385122287 -0.018560572705243472 -0.01038311478839804 -0.034295984151294645 -0.02898594654295339 -0.04580106563603403 -0.016843660545213135 -0.03592439568451933 -0.008630802377645352 -0.0036747672765269357 -0.028614243910369597 0.0017591712093422696 -0.03075595907906714 -0.027853138519840615 -0.01560465176993353 -0.033428678008598944 -0.013268235222263391 -0.027392935260451057 0.0018122715854256843 -0.036915602704743034 -0.03712800420907669 -0.019109276591438795 0.00490979352362475 0.002431775973065542 0.0021485739672872928 -0.022649301663666188 -0.0114628224354274 -0.01484354637940466 -0.01679056016912972 -0.008577702001561938 -0.03719880471052117 -0.03006565418998286 -0.02532202059319799 -0.00011704207893825647 -0.020295184990634985 -0.03734040571341035 -0.0014622516063846902 0.0009626655680911034 0.002626477352038026 0.004679691893929971 0.004095587757012409 -0.0025596593787752253 -0.02103859025580268 -0.0301010544407051 0.0017060708332588548 -0.015197548886627388 -0.014117841239598028 -0.022914803544083262 0.22920578209995834 0.2230461384742825 0.21784230161810814 0.2418436716078105 -0.0037986681540548295 -0.021551893891275764 -0.015569251519211291 -0.025162719464947747 -0.03017185494214969 -0.02337500680347282 0.006432004304682604 -0.03385348101726626 -0.003002162512803719 0.22451524887925695 -0.02027748486527381 -0.016312656784378987 -0.025074218838142093 -0.021658094643442483 -0.007674995608143997 -0.007462594103810338 -0.04226104056380653 -0.01613565553076768 -0.019551779725467178 -0.019604880101550592 -0.032561371865903244 -0.02748143588725671 -0.02222449865499898 
0.007671013079962208 -0.02664952999528325 -0.009515808645702228 -0.015126748385182798 -0.026313227613421697 -0.03838471310971736 -0.035269491046157175 -0.010843318047787598 -0.0024888588773306353 -0.036384598943908886 -0.03247287123909748 -0.024791016832363844 -0.015392250265599872 0.5 -0.02261390141294395 -0.030915260207317385 -0.033357877507154354 -0.036703201200409374 -0.018826074585660546 -0.02797703939736862 -0.033534878760765774 -0.020330585241357224 -0.012206227700595096 -0.021781995520970487 -0.013232834971541152 0.018910592684284466 -0.02574682360186531 -0.031233862463817874 -0.04803128143153734 -0.03564119367874108 -0.02048988636960747 0.002626477352038026 -0.028030139773452034 -0.003214564017137378 -0.021127090882608446 -0.033464078259321184 0.00027236067900676675 -0.007320993100921158 -0.020737688124663367 -0.039004217497357274 -0.0029136618859979535 -0.021233291634775275 -0.02484411720844726 -0.02629552748806052 -0.03999542451758087 -0.030083354315343924 -0.0370572037076321 -0.007657295482782822 0.003458383244011487 -0.02960545093059319 -0.036738601451131614 -0.03093296033267856 -0.013569137353402705 -0.013710738356291774 -0.00592268319739131 -0.018472072078437818 -0.020224384489190395 -0.037747508596716495 -0.014418743370737341 -0.02103859025580268 -0.018507472329160057 -0.0005418450876055747 -0.037305005462688 -0.013940839985986608 -0.030366556321122173 -0.024437014325141115 0.005405397033736603 -0.03137546346670694 -0.03148166421887377 0.0011396668217024675 -0.018525172454521233 -0.006329786080697564 -0.03502168929110128 -0.007834296736394242 -0.015445350641683286 0.006856807313349866 -0.02319800554986151 -0.01859597295596571 -0.01592325402643402 -0.02852574328356383 -0.008560001876200873 -0.035765094556269084 -0.02107399050652503 -0.02978245218420461 -0.020542986745690883 -0.02268470191438854 -0.027251334257561988 -0.03280917362095914 -0.027534536263340126 -0.030986060708761975 -0.036561600197520305 -0.008772403380534533 -0.01999428285949556 -0.036738601451131614 -0.008276799870422624 -0.03378268051582167 -0.021445693139108934 -0.03273837311951455 -0.033534878760765774 -0.0396060217596359 
-0.024932617835252913 -0.021233291634775275 -0.01369303823093071 -0.03187106697681885 -0.0328976742477648 -0.013569137353402705 -0.03197726772898568 -0.017498565183575288 -0.022419200033971465 -0.019675680602995183 -0.02542822134536482 -0.00040024408471650563 -0.012277028202039686 -0.02261390141294395 0.5 -0.02960545093059319 -0.021923596523859556 -0.030331156070399823 -0.012312428452761925 -0.02560522259897613 -0.03406588252159992 -0.006736888964003707 -0.025764523727226374 -0.009037905260951495 -0.01999428285949556 -0.0010551487230785472 -0.03491548853893445 -0.033464078259321184 -0.03723420496124352 -0.01836587132627099 -0.036703201200409374 -0.012595630458540175 -0.026012325482282384 -0.02636632798950511 -0.0020109554925800133 -0.015834753399628365 -0.020011982984856735 -0.0360659966874084 -0.018790674334938307 -0.04360625009125296 -0.008683902753728767 -0.007710395858866237 -0.01564005202065577 -0.03907501799880175 -0.034048182396238746 -0.03949982100746907 -0.023959110940390382 -0.027198233881478573 -0.016365757160462402 -0.02132179226158093 -0.038862616494468094 -0.023817509937501313 -0.028862045665425495 -0.019622580226911768 -0.009427308018896574 -0.02873814478789749 -0.04142913467183307 -0.04373015096878097 -0.029145247671203633 -0.0123301285781231 -0.034189783399127815 -0.001993255367218838 -0.027605336764784716 -0.016560458539434997 -0.034579186157072894 -0.02818944090170228 -0.02585302435403214 -0.028401842406035938 -0.006807689465448186 -0.02002968311021791 -0.031233862463817874 -0.013232834971541152 -0.02967625143203778 -0.027233634132200812 -0.01668435941696289 -0.01020611353478662 -0.007126291721948674 -0.03243747098837524 -0.021799695646331663 -0.03585359518307474 -0.028384142280674762 -0.039977724392219804 -0.018418971702354403 -0.030455056947927828 -0.02744603563653447 -0.032136568857235925 0.07586959609642474 -0.020631487372496538 -0.01822427032338192 -0.029216048172648224 0.014414760842555552 -0.025304320467836816 -0.03518099041935152 -0.03592439568451933 -0.015250649262710803 -0.0038694686554994195 0.06075368903801337 -0.038508613987245366 -0.04096893141244351 -0.030401956571844413 
-0.0436416503419752 -0.02801243964809086 -0.04542936300345013 -0.034366784652739235 -0.03783600922352215 -0.02710973325467292 -0.0419070380565838 -0.022861703167999847 -0.02006508336094015 -0.037889109599605564 0.014414760842555552 0.041354351642206744 -0.021958996774581907 -0.030915260207317385 -0.02960545093059319 0.5 -0.026189326735893692 -0.027304434633645402 -0.024755616581641604 -0.0091618061384795 -0.02877354503861973 0.001068866320257933 0.0005201624340626654 0.014697962848333745 -0.004577473669944876 -0.0298532526856492 0.0342035009963072 -0.031924167352902266 -0.042101739435556285 -0.04790738055400934 -0.03176486622465202 -0.03385348101726626 -0.009922911529008371 -0.01686136067057431 -0.009639709523230233 -0.0006657459651335795 -0.03546419242512977 -0.031304662965262464 -0.04086273066027668 -0.03665010082432596 0.00510449490259729 0.012874849936136579 -0.035411092049046355 0.05808097010848162 -0.03473848728532314 -0.020613787247135473 -0.0023118576237193267 -0.038862616494468094 -0.027074333003950568 0.03172548344574799 -0.02762303689014589 -0.0260654258583658 -0.03171176584856861 -0.02895054629223115 0.018768991681395397 -0.01236552882884534 -0.04158843580008331 -0.02466711595483595 -0.034260583900572406 -0.03776520872207756 -0.024861817333808434 0.01579537062072428 -0.04259734294566808 -0.027269034382923052 0.018999093311090176 -0.006612988086475702 -0.015073648009099383 -0.03532259142224059 -0.03270297286879231 -0.035375691798324005 -0.027923939021285205 -0.039623721884997076 -0.01351603697731929 -0.0024357585012473315 -0.03928741950313541 -0.001727753486801764 -0.013763838732375189 -0.01833047107554875 -0.03017185494214969 -0.021852796022415077 0.0003785614311735963 -0.023286506176667165 -0.021905896398498492 -0.034437585154183714 -0.0330215751252928 -0.02369360905997331 -0.021994397025304147 -0.046455970274396075 -0.0034446656468321013 -0.024950317960614088 -0.03827851235755064 -0.03615449731421405 -0.007621895232060583 -0.037889109599605564 -0.041995538683389455 0.018202587669838954 0.02384892766004182 -0.03629609831710323 -0.04413725385208711 -0.04776577955112027 
-0.021410292888386584 -0.0366855010750482 -0.02808324014953545 -0.02417151244472404 -0.03702180345690986 -0.043287647834752474 -0.03525179092079611 -0.04034942702480371 -0.012985033216485142 0.09082620202658587 -0.027994739522729684 -0.024136112194001802 0.1274300612734181 -0.033357877507154354 -0.021923596523859556 -0.026189326735893692 0.5 -0.018135769696576154 -0.013462936601235875 -0.02647252874167194 -0.03358797913684919 -0.02654332924311642 -0.02978245218420461 -0.025233519966392337 0.0017945714600645646 -0.02790623889592403 -0.029977153563177095 -0.04197783855802828 -0.03845551361116195 -0.035481892550490834 -0.019764181229800837 -0.02355200805708424 -0.02164039451808142 -0.02103859025580268 -0.0212155915094141 -0.03270297286879231 -0.01340983622515246 -0.025109619088864332 -0.020472186244246293 -0.018064969195131675 -0.03348177838468236 -0.03403048227087757 -0.04026092639799794 0.002431775973065542 -0.04139373442111083 -0.04089813091099892 -0.03169406572320743 -0.027605336764784716 -0.02229529915644346 -0.04006622501902546 -0.03661470057360372 -0.0430221459543354 -0.04431425510569842 -0.04045562777697054 -0.008666202628367703 -0.046349769522229245 -0.02024208461455157 -0.047429477169258605 -0.02873814478789749 -0.0456948648838672 -0.02787083864520179 -0.00944500814425775 -0.02744603563653447 -0.00801129799000555 0.0016175702064532005 -0.006683788587920292 -0.03496858891501786 -0.03603059643668616 -0.044880659117254806 -0.012577930333179 -0.03571199418018567 -0.029216048172648224 -0.017233063303158214 0.061957297562570735 0.0458855837346579 0.09378212296189581 0.03993834161331572 0.025141036811404838 -0.012082326823067202 -0.017958768442964845 -0.03003025393926051 -0.027074333003950568 -0.03992462401613639 -0.02909214729512022 -0.03957062150891366 -0.024189212570085217 0.06632922852677164 -0.031410863717429294 -0.016507358163351582 -0.023357306678111756 -0.02818944090170228 -0.021958996774581907 0.01790168553869964 -0.04096893141244351 -0.031056861210206566 -0.016560458539434997 -0.02974705193348237 -0.05155360637840367 -0.030331156070399823 -0.035481892550490834 
0.050646917456803886 -0.007533394605254817 0.0017414710839811498 0.07567489471745226 -0.03654390007215913 -0.04482755874117139 -0.04089813091099892 -0.027092033129311743 0.02115850860514895 -0.01585245352498943 0.1160311805408456 -0.03431368427665582 -0.023994511191112622 -0.036703201200409374 -0.030331156070399823 -0.027304434633645402 -0.018135769696576154 0.5 -0.015392250265599872 0.017972486040144176 -0.02118019125869186 -0.01898537571391079 0.02924746589518873 -0.03863251486477337 -0.012170827449872856 0.035867312780254124 -0.03268527274343114 -0.019799581480523076 -0.014365642994653927 -0.036667800949687135 -0.005409379561918337 0.027158851102574544 0.010910136021050343 0.06627612815068823 -0.027711537516951545 -0.024153812319362866 0.012804049434692044 0.010202131006604831 0.03264588996452711 0.005812499917042746 -0.01041851503912028 -0.03079135932978949 -0.027286734508284227 -0.032136568857235925 -0.03362337938757143 -0.014224041991764858 -0.030578957825455833 0.037017820928728074 0.045584681603518584 -0.00822369949433921 -0.009657409648591297 -0.0014091512303012754 -0.005533280439446342 -0.0186667734574103 0.0005555626847849604 -0.01369303823093071 0.04338986605873757 -0.03951752113283025 -0.01675515991840748 -0.05173060763201509 -0.014436443496098406 0.03924803672423138 -0.02926914854873164 0.01908759393789583 -0.02225989890572122 -0.01930397797041128 -0.017958768442964845 -0.02319800554986151 -0.04518156124839423 0.013281952819442777 -0.005604080940890932 -0.032030368105069096 -0.027233634132200812 0.0044495902642351925 0.027919956493103415 -0.010064512531897551 -0.026100826109088038 -0.020578386996413123 -0.034225183649850166 0.12489894334677543 -0.016666659291601826 0.0022901749701764174 -0.01243632933028993 0.122651027425911 -0.030702858702983726 -0.028277941528507933 -0.0312161623384567 -0.012949632965762903 -0.03323397662962646 -0.01647195791262923 -0.019711080853717422 0.025565839820072156 -0.023569708182445415 0.00014845980147876192 -0.03348177838468236 -0.018631373206688062 -0.010046812406536376 -0.027569936514062476 -0.029322248924815053 -0.03334017738179329 
